
w0: [1.35464974 1.31507699 1.3314178  1.2815658  1.32796116 1.3255876
  1.2801238  1.30097595 1.29455227 1.19711815 1.33164364 1.30814516
  1.24153705 1.30350525 1.36083324 1.34496766 1.37031654 1.3047932
  1.34410696 1.29102756]

w1: [2.11957295 2.09784241 2.0733269  2.08536989 2.07177151 2.09712021
  2.08439585 2.12640347 2.12214562 2.16672049 2.05441559 2.12151196
  2.13261964 2.13715674 2.07409241 2.12984784 2.0945371  2.12444338
  2.08053467 2.06898178]

Sigma:[[8.05737947 5.49391003 6.13895501 5.28240859 5.93593272 6.08110628
  4.5398847  5.3466409  5.05495747 5.19376925 4.07712252 5.21028971
  7.15659755 6.18175617 6.15940356 5.90644234 5.91970428 5.8573333
  5.63549282 6.12416714]
 [5.49391003 6.91870004 5.35184565 4.3595837  5.48277723 5.5054034
  4.21500962 3.77226978 4.20085728 5.00453663 3.42320773 4.54801931
  5.84677566 5.19180032 5.44611408 5.10122074 5.72850822 5.2261086
  5.3282477  5.39502424]
 [6.13895501 5.35184565 7.18241428 4.82499666 5.77823116 6.46099137
  4.45306066 4.60760548 4.93660254 5.11242563 3.35785694 4.62818144
  6.37865983 5.27008965 6.04680943 5.73292495 6.26631933 5.08748128
  4.70722455 5.12044042]
 [5.28240859 4.3595837  4.82499666 5.88242626 5.30383957 4.461602
  3.57793361 4.30383839 3.43362628 4.23488128 2.8203525  4.12812254
  5.93396329 4.94200038 4.83490021 4.96317652 4.72388777 4.67545374
  3.91642047 5.96233882]
 [5.93593272 5.48277723 5.77823116 5.30383957 7.0886827  5.36294003
  4.92463012 4.27716685 4.77164452 5.24350366 4.20901502 4.98224377
  6.3232926  6.03716835 6.01280267 6.06757317 5.97096581 5.28474034
  5.40850467 5.91868803]
 [6.08110628 5.5054034  6.46099137 4.461602   5.36294003 6.57750654
  4.30151672 4.66538337 4.79187718 5.31097601 3.03873813 4.7338649
  6.33058344 5.06333717 5.75932387 5.77705226 5.92747801 5.03654416
  4.75852173 5.25722275]
 [4.5398847  4.21500962 4.45306066 3.57793361 4.92463012 4.30151672
  5.03558306 3.68983427 3.9020276  4.25553749 2.96560423 4.21682281
  4.55825914 4.09273645 4.61336724 5.07941955 4.21008627 3.61537371
  4.5244291  3.83194862]
 [5.3466409  3.77226978 4.60760548 4.30383839 4.27716685 4.66538337
  3.68983427 5.65289803 3.54406513 4.74092424 2.53158475 4.66190972
  6.01767094 5.08629534 4.76285169 5.85174304 4.37919351 4.81844458
  4.64801772 4.53638487]
 [5.05495747 4.20085728 4.93660254 3.43362628 4.77164452 4.79187718
  3.9020276  3.54406513 5.06729274 4.81414459 3.24946677 4.12336568
  5.2509846  4.81614854 4.97747011 5.12139089 5.22826855 4.23138389
  4.29647408 4.26128034]
 [5.19376925 5.00453663 5.11242563 4.23488128 5.24350366 5.31097601
  4.25553749 4.74092424 4.81414459 7.18369493 3.37420655 4.69199072
  6.95290706 5.31131296 5.10562018 5.96685632 4.84949236 5.36332448
  4.52483546 5.59108248]
 [4.07712252 3.42320773 3.35785694 2.8203525  4.20901502 3.03873813
  2.96560423 2.53158475 3.24946677 3.37420655 3.45379477 2.93765425
  3.85914887 4.0895901  3.71460533 3.68324955 3.75772989 3.35409969
  3.80784289 3.63032008]
 [5.21028971 4.54801931 4.62818144 4.12812254 4.98224377 4.7338649
  4.21682281 4.66190972 4.12336568 4.69199072 2.93765425 5.16043398
  5.96416242 5.05591479 4.79231648 5.38922305 5.03792235 4.87181457
  4.97009802 4.57134916]
 [7.15659755 5.84677566 6.37865983 5.93396329 6.3232926  6.33058344
  4.55825914 6.01767094 5.2509846  6.95290706 3.85914887 5.96416242
  9.24084335 6.47244163 6.31705614 6.50536548 6.08295086 6.50324938
  5.86992508 7.55395988]
 [6.18175617 5.19180032 5.27008965 4.94200038 6.03716835 5.06333717
  4.09273645 5.08629534 4.81614854 5.31131296 4.0895901  5.05591479
  6.47244163 7.10042494 5.97667362 6.17704169 5.87442585 5.77085946
  5.93338694 5.77215622]
 [6.15940356 5.44611408 6.04680943 4.83490021 6.01280267 5.75932387
  4.61336724 4.76285169 4.97747011 5.10562018 3.71460533 4.79231648
  6.31705614 5.97667362 6.93925076 7.00892454 5.86169091 5.26216103
  5.4749091  5.87849216]
 [5.90644234 5.10122074 5.73292495 4.96317652 6.06757317 5.77705226
  5.07941955 5.85174304 5.12139089 5.96685632 3.68324955 5.38922305
  6.50536548 6.17704169 7.00892454 8.99987219 5.69993703 5.87001774
  5.54894863 5.9899523 ]
 [5.91970428 5.72850822 6.26631933 4.72388777 5.97096581 5.92747801
  4.21008627 4.37919351 5.22826855 4.84949236 3.75772989 5.03792235
  6.08295086 5.87442585 5.86169091 5.69993703 6.89681179 5.3497373
  5.36961559 5.09681343]
 [5.8573333  5.2261086  5.08748128 4.67545374 5.28474034 5.03654416
  3.61537371 4.81844458 4.23138389 5.36332448 3.35409969 4.87181457
  6.50324938 5.77085946 5.26216103 5.87001774 5.3497373  6.12940812
  4.8960283  5.39884394]
 [5.63549282 5.3282477  4.70722455 3.91642047 5.40850467 4.75852173
  4.5244291  4.64801772 4.29647408 4.52483546 3.80784289 4.97009802
  5.86992508 5.93338694 5.4749091  5.54894863 5.36961559 4.8960283
  6.31908458 5.00974647]
 [6.12416714 5.39502424 5.12044042 5.96233882 5.91868803 5.25722275
  3.83194862 4.53638487 4.26128034 5.59108248 3.63032008 4.57134916
  7.55395988 5.77215622 5.87849216 5.9899523  5.09681343 5.39884394
  5.00974647 8.31314856]]