K=6 
Precision: 0.846831
Recall: 0.740105
F1 score: 0.769710
Accuracy: 0.841250