w0: [[1.29724275 1.25102015 1.25004288 1.28276062 1.2989058  1.31526389
  1.25354354 1.23550585 1.26595639 1.3037435  1.23173239 1.31843288
  1.36190463 1.28937024 1.29656502 1.34739472 1.37227629 1.29930885
  1.2857059  1.34835781]]

w1: [[0.92480382 0.91899941 1.04501533 0.96098354 1.00304952 0.97531307
  0.95780066 0.95276701 0.96189318 0.93158991 0.98127981 1.04586067
  0.95713262 0.98932708 1.02272357 0.97261192 0.98520985 0.98567112
  0.97661387 0.96837571]]

w2: [[1.39698335 1.36873928 1.45029711 1.41682151 1.45625061 1.32099039
  1.41018726 1.42241944 1.45919498 1.35199226 1.37948593 1.32646174
  1.33457397 1.37718355 1.38782479 1.29662418 1.48695119 1.32193448
  1.42819359 1.45026341]]

Sigma: [[8.00726296 5.60067864 5.02631111 5.25434576 4.5973586  5.93259356
  6.07656546 5.81946632 4.91154092 5.60379888 5.61471706 5.08515782
  5.21811786 6.44090769 5.43450398 5.84128789 5.61719372 5.51110253
  5.72483433 6.04339909]
 [5.60067864 7.36789331 5.16497191 5.34621408 5.2107865  6.10033017
  6.60786129 5.55069018 4.6878163  5.23267807 4.97850515 5.07408672
  5.00757329 6.18936123 5.59418754 5.97860587 5.38762301 5.12748787
  6.21297599 5.80947913]
 [5.02631111 5.16497191 7.21497558 5.47731492 5.03837987 5.03702193
  6.30696977 4.84109332 4.81914109 5.16964042 5.06607046 5.17244915
  5.37780626 6.33861065 5.4309185  5.13735847 5.68942967 4.54243555
  6.07114068 6.03819222]
 [5.25434576 5.34621408 5.47731492 6.75562042 4.38795799 5.62077912
  6.39720386 5.5372126  4.88425802 5.65241944 5.09087441 4.97686715
  5.1197695  5.65540727 5.29138147 5.42124972 5.35432742 5.21733159
  6.01194649 5.80006305]
 [4.5973586  5.2107865  5.03837987 4.38795799 5.81635991 4.85012795
  5.26274422 4.69438282 3.83742955 4.2644369  3.95061736 4.18695371
  4.45858995 4.99142729 5.2004315  5.09719238 4.50631614 4.68646213
  5.3689178  5.07692829]
 [5.93259356 6.10033017 5.03702193 5.62077912 4.85012795 8.02942843
  6.76076626 5.39133902 5.64548572 5.70995589 4.87182322 4.92962274
  5.57201274 6.55577997 5.62715513 5.99217152 5.72893572 5.49608515
  6.63525083 6.24028403]
 [6.07656546 6.60786129 6.30696977 6.39720386 5.26274422 6.76076626
  8.56885541 6.14388516 5.88041025 6.3454096  6.00385044 5.84835986
  5.76820925 7.08934452 5.99170912 6.32760724 6.09999121 5.72065845
  7.30633144 6.54736602]
 [5.81946632 5.55069018 4.84109332 5.5372126  4.69438282 5.39133902
  6.14388516 6.70207889 4.76563334 5.23941379 4.72783878 4.85635986
  4.44073211 5.65416475 5.28637014 5.45588207 5.00705727 5.76928253
  5.65232016 5.54749029]
 [4.91154092 4.6878163  4.81914109 4.88425802 3.83742955 5.64548572
  5.88041025 4.76563334 6.0708046  4.78320036 4.37924829 4.35183072
  4.553189   5.25403347 4.77978454 4.5224158  4.87022421 4.59207058
  4.98757648 5.00890144]
 [5.60379888 5.23267807 5.16964042 5.65241944 4.2644369  5.70995589
  6.3454096  5.23941379 4.78320036 7.03370437 4.90306995 4.72895538
  5.14069791 5.90839791 5.18973104 5.259169   5.21990815 4.66275763
  6.33781948 5.51888761]
 [5.61471706 4.97850515 5.06607046 5.09087441 3.95061736 4.87182322
  6.00385044 4.72783878 4.37924829 4.90306995 6.25865646 5.15948624
  4.74707533 5.37995315 5.1066934  4.75409167 4.98956472 4.58316764
  5.75152189 5.47342321]
 [5.08515782 5.07408672 5.17244915 4.97686715 4.18695371 4.92962274
  5.84835986 4.85635986 4.35183072 4.72895538 5.15948624 6.46064867
  4.58124875 5.45353896 5.36775766 5.00797037 5.21950325 4.85688421
  5.73634042 5.26636536]
 [5.21811786 5.00757329 5.37780626 5.1197695  4.45858995 5.57201274
  5.76820925 4.44073211 4.553189   5.14069791 4.74707533 4.58124875
  6.38314389 5.71614199 5.55634906 5.37481657 5.39344094 4.65593095
  5.83056917 5.55105715]
 [6.44090769 6.18936123 6.33861065 5.65540727 4.99142729 6.55577997
  7.08934452 5.65416475 5.25403347 5.90839791 5.37995315 5.45353896
  5.71614199 8.34220437 5.94602492 5.86965883 6.35753022 4.76313863
  6.43123321 6.50790477]
 [5.43450398 5.59418754 5.4309185  5.29138147 5.2004315  5.62715513
  5.99170912 5.28637014 4.77978454 5.18973104 5.1066934  5.36775766
  5.55634906 5.94602492 7.15659974 5.37459072 5.51558084 5.28047777
  5.90467308 6.15195401]
 [5.84128789 5.97860587 5.13735847 5.42124972 5.09719238 5.99217152
  6.32760724 5.45588207 4.5224158  5.259169   4.75409167 5.00797037
  5.37481657 5.86965883 5.37459072 6.76827448 5.37908511 5.64389814
  6.23425996 5.81630842]
 [5.61719372 5.38762301 5.68942967 5.35432742 4.50631614 5.72893572
  6.09999121 5.00705727 4.87022421 5.21990815 4.98956472 5.21950325
  5.39344094 6.35753022 5.51558084 5.37908511 6.93509073 4.65039004
  5.87532444 6.32855549]
 [5.51110253 5.12748787 4.54243555 5.21733159 4.68646213 5.49608515
  5.72065845 5.76928253 4.59207058 4.66275763 4.58316764 4.85688421
  4.65593095 4.76313863 5.28047777 5.64389814 4.65039004 6.85059869
  5.57796909 5.41872393]
 [5.72483433 6.21297599 6.07114068 6.01194649 5.3689178  6.63525083
  7.30633144 5.65232016 4.98757648 6.33781948 5.75152189 5.73634042
  5.83056917 6.43123321 5.90467308 6.23425996 5.87532444 5.57796909
  8.46345429 6.55968962]
 [6.04339909 5.80947913 6.03819222 5.80006305 5.07692829 6.24028403
  6.54736602 5.54749029 5.00890144 5.51888761 5.47342321 5.26636536
  5.55105715 6.50790477 6.15195401 5.81630842 6.32855549 5.41872393
  6.55968962 8.07449314]]