Accuracy: 0.348750
Precision: 0.357836
Recall: 0.339353
F1 score: 0.319012
