K=20
precision: 0.573750
recall: 0.573750
f1 score: 0.573750
accuracy: 0.573750
